************EPSILON********************* 0.7
************Orignal Clusters*********************
[[1, 2], [3, 4], [12, 13], [14, 15], [16, 17, 19], [18, 20], [23, 24, 25], [28, 29], [30, 31], [32, 33], [34, 35], [38, 39], [40, 41], [44, 45], [46, 47], [49, 50], [54, 55], [58, 59], [60, 61, 62], [65, 66], [68, 70], [73, 74], [76, 77, 78], [81, 82], [83, 84], [87, 88], [91, 92, 93], [94, 95], [96, 97], [99, 100], [103, 104], [105, 106], [107, 108], [109, 110], [111, 112, 113], [114, 115], [117, 118], [120, 121], [122, 123, 124, 125], [126, 127, 128, 129, 130], [133, 134], [135, 136], [137, 138], [145, 146], [143, 144, 147]]
************Formed Clusters*********************
[[1, 2], [3, 4], [12, 13], [16, 17], [60, 61, 62], [83, 84], [87, 88], [109, 110], [124, 125]]
************EPSILON********************* 0.8
************Orignal Clusters*********************
[[1, 2], [3, 4], [12, 13], [14, 15], [16, 17, 19], [18, 20], [23, 24, 25], [28, 29], [30, 31], [32, 33], [34, 35], [38, 39], [40, 41], [44, 45], [46, 47], [49, 50], [54, 55], [58, 59], [60, 61, 62], [65, 66], [68, 70], [73, 74], [76, 77, 78], [81, 82], [83, 84], [87, 88], [91, 92, 93], [94, 95], [96, 97], [99, 100], [103, 104], [105, 106], [107, 108], [109, 110], [111, 112, 113], [114, 115], [117, 118], [120, 121], [122, 123, 124, 125], [126, 127, 128, 129, 130], [133, 134], [135, 136], [137, 138], [145, 146], [143, 144, 147]]
************Formed Clusters*********************
[[1, 2], [3, 4], [12, 13], [16, 17], [28, 29], [30, 31], [32, 33], [38, 39], [44, 45], [54, 55], [60, 61, 62], [65, 66], [77, 78], [83, 84], [87, 88], [96, 97], [109, 110], [114, 115], [117, 118], [124, 125]]
************EPSILON********************* 0.9
************Orignal Clusters*********************
[[1, 2], [3, 4], [12, 13], [14, 15], [16, 17, 19], [18, 20], [23, 24, 25], [28, 29], [30, 31], [32, 33], [34, 35], [38, 39], [40, 41], [44, 45], [46, 47], [49, 50], [54, 55], [58, 59], [60, 61, 62], [65, 66], [68, 70], [73, 74], [76, 77, 78], [81, 82], [83, 84], [87, 88], [91, 92, 93], [94, 95], [96, 97], [99, 100], [103, 104], [105, 106], [107, 108], [109, 110], [111, 112, 113], [114, 115], [117, 118], [120, 121], [122, 123, 124, 125], [126, 127, 128, 129, 130], [133, 134], [135, 136], [137, 138], [145, 146], [143, 144, 147]]
************Formed Clusters*********************
[[1, 2], [3, 4], [12, 13], [14, 15], [16, 17], [28, 29], [30, 31], [32, 33], [38, 39], [44, 45], [46, 47], [49, 50], [54, 55], [60, 61, 62], [65, 66], [68, 70], [77, 78], [81, 82], [83, 84], [87, 88], [94, 95], [96, 97], [99, 100], [103, 104], [105, 106], [107, 108], [109, 110], [114, 115], [117, 118], [124, 125], [145, 146]]
************EPSILON********************* 1
************Orignal Clusters*********************
[[1, 2], [3, 4], [12, 13], [14, 15], [16, 17, 19], [18, 20], [23, 24, 25], [28, 29], [30, 31], [32, 33], [34, 35], [38, 39], [40, 41], [44, 45], [46, 47], [49, 50], [54, 55], [58, 59], [60, 61, 62], [65, 66], [68, 70], [73, 74], [76, 77, 78], [81, 82], [83, 84], [87, 88], [91, 92, 93], [94, 95], [96, 97], [99, 100], [103, 104], [105, 106], [107, 108], [109, 110], [111, 112, 113], [114, 115], [117, 118], [120, 121], [122, 123, 124, 125], [126, 127, 128, 129, 130], [133, 134], [135, 136], [137, 138], [145, 146], [143, 144, 147]]
************Formed Clusters*********************
[[1, 2], [3, 4], [12, 13], [14, 15], [16, 17], [28, 29], [30, 31], [32, 33], [34, 35], [38, 39], [44, 45], [46, 47], [49, 50], [54, 55], [60, 61, 62], [65, 66], [68, 70], [77, 78], [81, 82], [83, 84], [87, 88], [91, 92, 93], [94, 95], [96, 97], [99, 100], [103, 104], [105, 106], [107, 108], [109, 110], [114, 115], [117, 118], [124, 125], [126, 128, 129], [133, 134], [137, 138], [145, 146]]
************EPSILON********************* 1.1
************Orignal Clusters*********************
[[1, 2], [3, 4], [12, 13], [14, 15], [16, 17, 19], [18, 20], [23, 24, 25], [28, 29], [30, 31], [32, 33], [34, 35], [38, 39], [40, 41], [44, 45], [46, 47], [49, 50], [54, 55], [58, 59], [60, 61, 62], [65, 66], [68, 70], [73, 74], [76, 77, 78], [81, 82], [83, 84], [87, 88], [91, 92, 93], [94, 95], [96, 97], [99, 100], [103, 104], [105, 106], [107, 108], [109, 110], [111, 112, 113], [114, 115], [117, 118], [120, 121], [122, 123, 124, 125], [126, 127, 128, 129, 130], [133, 134], [135, 136], [137, 138], [145, 146], [143, 144, 147]]
************Formed Clusters*********************
[[1, 2], [3, 4], [12, 13], [14, 15], [16, 17], [28, 29], [30, 31], [32, 33], [34, 35], [38, 39], [44, 45], [46, 47], [49, 50], [54, 55], [60, 61, 62], [65, 66], [68, 70], [81, 82], [83, 84], [87, 88], [91, 92, 93], [94, 95], [96, 97], [99, 100], [103, 104], [105, 106], [107, 108], [109, 110], [114, 115], [117, 118], [122, 123], [124, 125], [135, 136], [133, 134], [137, 138], [145, 146]]
************EPSILON********************* 1.2
************Orignal Clusters*********************
[[1, 2], [3, 4], [12, 13], [14, 15], [16, 17, 19], [18, 20], [23, 24, 25], [28, 29], [30, 31], [32, 33], [34, 35], [38, 39], [40, 41], [44, 45], [46, 47], [49, 50], [54, 55], [58, 59], [60, 61, 62], [65, 66], [68, 70], [73, 74], [76, 77, 78], [81, 82], [83, 84], [87, 88], [91, 92, 93], [94, 95], [96, 97], [99, 100], [103, 104], [105, 106], [107, 108], [109, 110], [111, 112, 113], [114, 115], [117, 118], [120, 121], [122, 123, 124, 125], [126, 127, 128, 129, 130], [133, 134], [135, 136], [137, 138], [145, 146], [143, 144, 147]]
************Formed Clusters*********************
[[1, 2], [3, 4], [12, 13], [14, 15], [16, 17], [28, 29], [30, 31], [32, 33], [34, 35], [38, 39], [40, 41], [44, 45], [46, 47], [49, 50], [54, 55], [58, 59], [60, 61, 62], [65, 66], [68, 70], [73, 74], [81, 82], [83, 84], [87, 88], [96, 97], [99, 100], [103, 104], [105, 106], [107, 108], [109, 110], [114, 115], [117, 118], [122, 123], [124, 125], [135, 136], [133, 134], [137, 138], [145, 146], [143, 144, 147]]
************EPSILON********************* 1.3
************Orignal Clusters*********************
[[1, 2], [3, 4], [12, 13], [14, 15], [16, 17, 19], [18, 20], [23, 24, 25], [28, 29], [30, 31], [32, 33], [34, 35], [38, 39], [40, 41], [44, 45], [46, 47], [49, 50], [54, 55], [58, 59], [60, 61, 62], [65, 66], [68, 70], [73, 74], [76, 77, 78], [81, 82], [83, 84], [87, 88], [91, 92, 93], [94, 95], [96, 97], [99, 100], [103, 104], [105, 106], [107, 108], [109, 110], [111, 112, 113], [114, 115], [117, 118], [120, 121], [122, 123, 124, 125], [126, 127, 128, 129, 130], [133, 134], [135, 136], [137, 138], [145, 146], [143, 144, 147]]
************Formed Clusters*********************
[[1, 2], [12, 13], [14, 15], [28, 29], [30, 31], [32, 33], [34, 35], [38, 39], [40, 41], [44, 45], [46, 47], [49, 50], [54, 55], [58, 59], [60, 61, 62], [65, 66], [68, 70], [73, 74], [83, 84], [87, 88], [96, 97], [99, 100], [103, 104], [105, 106], [107, 108], [109, 110], [114, 115], [117, 118], [122, 123], [124, 125], [126, 127, 128, 129, 130], [133, 134], [135, 136], [137, 138], [145, 146], [143, 144, 147]]
************EPSILON********************* 1.4
************Orignal Clusters*********************
[[1, 2], [3, 4], [12, 13], [14, 15], [16, 17, 19], [18, 20], [23, 24, 25], [28, 29], [30, 31], [32, 33], [34, 35], [38, 39], [40, 41], [44, 45], [46, 47], [49, 50], [54, 55], [58, 59], [60, 61, 62], [65, 66], [68, 70], [73, 74], [76, 77, 78], [81, 82], [83, 84], [87, 88], [91, 92, 93], [94, 95], [96, 97], [99, 100], [103, 104], [105, 106], [107, 108], [109, 110], [111, 112, 113], [114, 115], [117, 118], [120, 121], [122, 123, 124, 125], [126, 127, 128, 129, 130], [133, 134], [135, 136], [137, 138], [145, 146], [143, 144, 147]]
************Formed Clusters*********************
[[12, 13], [14, 15], [28, 29], [30, 31], [32, 33], [34, 35], [38, 39], [40, 41], [44, 45], [46, 47], [49, 50], [58, 59], [60, 61, 62], [65, 66], [68, 70], [73, 74], [83, 84], [87, 88], [96, 97], [99, 100], [103, 104], [105, 106], [107, 108], [109, 110], [117, 118], [120, 121], [122, 123], [124, 125], [126, 127, 128, 129, 130], [133, 134], [135, 136], [137, 138], [145, 146], [143, 144, 147]]
************EPSILON********************* 1.5
************Orignal Clusters*********************
[[1, 2], [3, 4], [12, 13], [14, 15], [16, 17, 19], [18, 20], [23, 24, 25], [28, 29], [30, 31], [32, 33], [34, 35], [38, 39], [40, 41], [44, 45], [46, 47], [49, 50], [54, 55], [58, 59], [60, 61, 62], [65, 66], [68, 70], [73, 74], [76, 77, 78], [81, 82], [83, 84], [87, 88], [91, 92, 93], [94, 95], [96, 97], [99, 100], [103, 104], [105, 106], [107, 108], [109, 110], [111, 112, 113], [114, 115], [117, 118], [120, 121], [122, 123, 124, 125], [126, 127, 128, 129, 130], [133, 134], [135, 136], [137, 138], [145, 146], [143, 144, 147]]
************Formed Clusters*********************
[[12, 13], [14, 15], [23, 24, 25], [28, 29], [30, 31], [32, 33], [34, 35], [38, 39], [40, 41], [44, 45], [46, 47], [49, 50], [58, 59], [60, 61, 62], [65, 66], [68, 70], [73, 74], [83, 84], [87, 88], [96, 97], [99, 100], [103, 104], [105, 106], [107, 108], [109, 110], [117, 118], [120, 121], [122, 123], [124, 125], [126, 127, 128, 129, 130], [133, 134], [135, 136], [137, 138], [143, 144, 147], [145, 146]]
************EPSILON********************* 1.6
************Orignal Clusters*********************
[[1, 2], [3, 4], [12, 13], [14, 15], [16, 17, 19], [18, 20], [23, 24, 25], [28, 29], [30, 31], [32, 33], [34, 35], [38, 39], [40, 41], [44, 45], [46, 47], [49, 50], [54, 55], [58, 59], [60, 61, 62], [65, 66], [68, 70], [73, 74], [76, 77, 78], [81, 82], [83, 84], [87, 88], [91, 92, 93], [94, 95], [96, 97], [99, 100], [103, 104], [105, 106], [107, 108], [109, 110], [111, 112, 113], [114, 115], [117, 118], [120, 121], [122, 123, 124, 125], [126, 127, 128, 129, 130], [133, 134], [135, 136], [137, 138], [145, 146], [143, 144, 147]]
************Formed Clusters*********************
[[12, 13], [14, 15], [28, 29], [30, 31], [32, 33], [34, 35], [38, 39], [40, 41], [44, 45], [46, 47], [49, 50], [58, 59], [60, 61, 62], [65, 66], [68, 70], [73, 74], [83, 84], [87, 88], [96, 97], [99, 100], [103, 104], [105, 106], [107, 108], [109, 110], [117, 118], [120, 121], [122, 123], [124, 125], [126, 127, 128, 129, 130], [133, 134], [135, 136], [137, 138], [145, 146]]
